1,102.38158632597384
2,106.28778583182736
3,105.59169808758202
4,104.6704236558196
5,107.48878359124046
6,98.59494111582262
7,104.77219081421026
8,99.22036682615726
9,108.51440814500029
10,102.76763807944008
11,106.88515342294068
12,104.03084026931356
13,105.24763614202857
14,101.07998714572113
15,106.69443301142019
16,104.1433656690715
17,106.62324323105531
18,100.18525347045397
19,107.82902270737759
20,104.51448685140531
21,103.4961393766007
22,113.80574133217851
23,113.32302187491587
24,101.2810777831055
25,106.15979214669642
26,104.36456106542391
27,94.52635997624748
28,112.24968880918641
29,101.43694384255286
30,108.55942363339818
31,105.33170904855979
32,113.56171047937096
33,99.81110992962022
34,94.0522059920313
35,112.51234654883592
36,104.17683620279786
37,117.07302353465275
38,107.4559972367424
39,103.68505817589175
40,117.17397026625622
41,111.62993273348184
42,105.38373573254285
43,107.94562114511427
44,95.02690509275999
45,117.57308773092882
46,105.18186478570715
47,102.71857097521206
48,115.46807853990686
49,98.15874863419958
50,102.51153724166943
51,99.50928429428677
52,98.05851620744215
53,101.07228697644314
54,99.45323589865438
55,113.25676471453698
56,109.08730770717739
57,89.31878265021078
58,101.5219153584585
59,101.40525742441605
60,104.54461185007312
61,109.6619157283967
62,94.66151963085576
63,100.72397608434403
64,102.25134593727853
65,83.0850172585524
66,118.8781029313468
67,91.88262862701959
68,86.51693962883292
69,99.03109995121486
70,99.24124686329742
71,116.69191814273654
72,100.72795924502134
73,115.4600667784689
74,108.58686304993898
75,107.74976282945136
76,122.95959715446224
77,98.91558623865421
78,114.05991927910509
79,101.67098664079822
80,95.73735037646111
81,106.34777158867655
82,97.38860407166067
83,96.88590052621294
84,102.96193337497243
85,104.3011899131161
86,108.27403799454623
87,99.89064923353726
88,124.11582918558997
89,116.64093922839675
90,115.20586201602418
91,87.07037678052438
92,100.55513227381016
93,87.86847130976093
94,89.13295037995704
95,105.67671659000916
96,111.42990503319015
97,102.90239040228334
98,108.55013781863818
99,98.61956523065601
100,93.69727623737708
101,103.11402805174293
102,98.0872607065321
103,93.22654507896368
104,107.93208746350138
105,78.42837277929357
106,107.00791858875891
107,93.07514996544342
108,108.05774338905758
109,97.59653529001662
110,123.13973513399833
111,95.40843530953862
112,93.53584195193253
113,99.06420308778615
114,112.81804098228167
115,88.74407415541646
116,104.54576649873343
117,82.85226727297413
118,103.60949272672588
119,108.35127156552335
120,116.65319845586055
121,103.31320560156018
122,94.88051377730153
123,87.72264348324825
124,101.44812901475962
125,100.47348493158643
126,114.94725983249373
127,99.63337476958259
128,102.62474176764226
129,116.0809597864718
130,96.59701752751425
131,90.47569216533884
132,113.76697992705158
133,115.81278584623942
134,103.6504382922576
135,106.38141138925857
136,127.37068675688352
137,114.47583167243283
138,84.21797918675293
139,92.95113230960851
140,112.15684959370992
141,104.13070492172847
142,120.1666603210324
143,92.27992078004172
144,76.89963992053526
145,114.5020413929451
146,102.70834433313576
147,100.0966860363551
148,112.75237506549456
149,84.28757208121533
150,108.55115985860175
151,101.50702676794026
152,117.83985981455771
153,110.95261226486764
154,110.52066926470434
155,91.2842452947807
156,108.8197304643545
157,108.63519135650131
158,69.2333349159162
159,116.34544504617224
160,108.14521093953226
161,84.49289268806751
162,91.5453955035191
163,92.01931521605002
164,122.75597612577258
165,118.2980564104364
166,95.80462727982376
167,91.96208778306027
168,132.65037602328812
169,124.28121938943514
170,123.27369155213819
171,73.06420920969686
172,91.85193640226498
173,79.75411165678815
174,97.95760004009935
175,94.37006483835285
176,108.57984543294879
177,123.93335990364722
178,98.31569106009556
179,119.70572730166896
180,117.66692421911284
181,91.4792203263496
182,126.03006332169753
183,107.11324266094016
184,89.4863925157697
185,139.42145862879988
186,85.32588188617956
187,147.073429920114
188,94.16578116944584
189,112.79682757651608
190,101.05813181151461
191,107.81500971013156
192,98.66837292883429
193,98.09944120539876
194,90.26115561778715
195,134.90272006511805
196,98.06869185931282
197,135.8913100699574
198,101.9812534593948
199,90.65730539747165
200,108.54070969292661
201,116.95006354345242
202,121.39073609815387
203,123.91584773303475
204,106.30484138638712
205,95.43488385571982
206,137.34083958507108
207,82.25756877519598
208,91.57256966482964
209,106.05049071191752
210,80.42500692806789
211,119.72884803669876
212,113.89222119419719
213,83.24546975099656
214,80.44575916232134
215,111.88060128455982
216,105.88102376142342
217,100.7752294473903
218,120.47828138455225
219,106.56007475563092
220,108.22420373182104
221,87.38185651681852
222,78.12259476416511
223,101.9541438066808
224,124.37085684033809
225,86.1677049430873
226,91.41727083742444
227,117.82623714399233
228,131.4533777765173
229,116.57719277168508
230,104.91406125784852
231,76.81641187662899
232,95.944897153895
233,106.7385188486951
234,97.46266076089523
235,82.03918323246762
236,116.11024396735593
237,155.31956449865538
238,103.04271206370322
239,86.49028833050397
240,126.56027919126791
241,127.6826189802523
242,109.02804898328031
243,108.13062465899566
244,121.77787144506874
245,106.11914715789317
246,84.91783325880533
247,91.5713018366514
248,108.91806271957466
249,122.63941305005574
250,98.18965670569742
251,129.39574512785475
252,92.3774531284289
253,119.80026424382231
254,124.09821593252127
255,101.44210668960295
256,131.39808658420225
257,102.200649863953
258,112.94793154729996
259,97.20562229529605
260,80.34582701323961
261,110.65282782267604
262,107.78120880221832
263,106.65006733647897
264,94.96604845643742
265,100.06106993285357
266,101.20343439321732
267,87.97058312423178
268,95.55808734160382
269,88.36980832545669
270,126.99199314008001
271,96.65845786855789
272,143.0646754821355
273,109.49799692520173
274,103.62103291158564
275,113.44249608941027
276,96.15507775580045
277,130.38227057797485
278,103.94209732906893
279,101.88024998712353
280,105.17570138978772
281,107.01363342962577
282,65.60151981865056
283,100.15920549831935
284,92.00043971880223
285,91.45259303366765
286,124.23731791542377
287,115.49575265418389
288,108.07579712753068
289,119.67211731465068
290,111.1516789640009
291,97.81462674413342
292,110.96584851056105
293,90.24218673634459
294,129.7017694801325
295,154.57990381791024
296,84.50834206334548
297,116.26842834273702
298,150.9292087648355
299,126.1695660186524
300,85.08830228055012
301,81.7204235487443
302,109.03075432401965
303,159.55461728412774
304,61.084179981815396
305,108.00916714654886
306,108.34693842526758
307,93.40785352984676
308,105.2158275480906
309,106.35032738768496
310,116.37227812665515
311,92.05508224645746
312,101.12042967320303
313,113.15909937256947
314,119.48556026161532
315,105.44420437238296
316,103.53785183085711
317,163.48863058630377
318,97.42810013543931
319,126.27299687260529
320,100.6578368677001
321,123.87912424473325
322,123.28944650758058
323,123.02083175082225
324,87.48449007881572
325,126.21043030399596
326,108.77692615202977
327,120.2917276477965
328,88.94482967446675
329,124.65230591138243
330,75.39408730831929
331,111.61327008999069
332,140.1843121847487
333,106.70246834401041
334,96.58637557877228
335,95.68221917573828
336,113.73541628420935
337,116.49728424201021
338,109.81684225128265
339,149.85018129757373
340,101.59640207560733
341,102.15844476339407
342,72.83736710390076
343,93.2250464973622
344,137.54650629672688
345,143.83596355977352
346,130.69595116988057
347,101.72950274235336
348,90.88694598028087
349,75.02090783743188
350,158.88889117815415
351,89.36554829514353
352,76.16112061790773
353,95.88215934007894
354,116.43786931791692
355,90.2826275593834
356,65.61563778694835
357,93.35933968165773
358,110.28611499472754
359,118.79135637034778
360,124.90568855858874
361,111.08139051983017
362,85.25417765585007
363,36.72699794668006
364,86.13380320591386
365,129.4344449629134
366,123.15368155753822
367,126.0010931577126
368,100.41935738871689
369,118.59529070110875
370,101.04512596217683
371,81.5840249955072
372,99.43716221139766
373,92.47232775660814
374,70.59892477528774
375,93.86236135457875
376,133.57397049770225
377,102.11069099896122
378,127.44008256285451
379,137.93293107656064
380,109.63982201190083
381,87.33422691631131
382,129.65172699312097
383,153.2168089732586
384,81.79886880642152
385,123.35686565554352
386,131.52366077539045
387,113.77896099310601
388,101.2044854532869
389,118.33602194505511
390,94.79382948979037
391,129.98359494964825
392,120.51881688364665
393,104.92147026251769
394,94.49356330992305
395,68.93096181360306
396,100.43305031021009
397,113.98494298534933
398,88.78179162621382
399,97.1762886440556
400,146.3532508557255
401,79.70111761268345
402,90.9995613170031
403,154.23815133739845
404,83.54014833859401
405,127.86189601087244
406,102.60592802561587
407,83.26911342373933
408,50.343617798091145
409,125.28915012007928
410,99.98379593799473
411,109.90009470350924
412,103.27327803717344
413,61.70640507302596
414,132.29181280356715
415,112.05416745552793
416,108.49988902246696
417,96.76022107474273
418,87.99494398449315
419,104.94709910923848
420,93.67503320093965
421,114.70451500258059
422,130.14935004059225
423,109.55373722189688
424,132.57869205530733
425,94.68137342840782
426,86.84421984842629
427,101.62519415060524
428,88.07476139214123
429,122.92052021008567
430,146.78932735082344
431,100.73426456417656
432,116.12272128291079
433,78.45611504593398
434,108.18229855239042
435,48.398750253662
436,102.53758378705243
437,117.48940563664655
438,116.19887263240525
439,100.91807268801495
440,85.7822475110006
441,98.41468942261417
442,114.93585674258065
443,90.55550553643843
444,132.8808343760611
445,122.5959008052887
446,150.95014343541698
447,70.74313188710948
448,62.45293037148076
449,101.08197778480826
450,107.34998854529113
451,116.03169638683903
452,113.39896848791977
453,96.81410534295719
454,64.79473528641392
455,144.4191266609123
456,82.53478671752964
457,76.43618776169023
458,87.24953523525619
459,131.25520780222723
460,118.53220079260063
461,101.31121386034647
462,75.92821346310666
463,81.0301693782676
464,76.30116367395385
465,105.94889954436803
466,30.909142193821026
467,104.75029214465758
468,100.17566457917565
469,77.27106613072101
470,109.84126523826853
471,83.7312914103677
472,115.91604272506083
473,63.583792696736054
474,97.23619716468966
475,110.34329387173057
476,99.01812959066592
477,71.02460913843242
478,55.78276883708895
479,122.20625849973294
480,114.64172869070899
481,106.99078190160799
482,111.8983528878016
483,104.47912702697795
484,85.71681866244762
485,129.14560775880818
486,90.08956904697698
487,62.689863617008086
488,142.68574755624286
489,92.9136890755617
490,113.43803559429944
491,113.88258703332394
492,132.4954463276663
493,73.33772926899837
494,71.3575968168443
495,54.66850688905106
496,130.25490175903542
497,90.71391331939958
498,87.38331843880587
499,134.35854480895796
500,84.14698770854739
501,108.37359850748908
502,98.94733675802127
503,93.98182258807356
504,53.819040279020555
505,126.02156401926186
506,102.19327473288286
507,120.31687975075329
508,60.86213600123301
509,102.25779228814645
510,90.0790118915611
511,103.65691508262535
512,127.516393137048
513,95.12796165735926
514,100.64789808858768
515,117.56168542918749
516,103.53081592926173
517,91.4135350487777
518,95.88996853624121
519,136.04423196191783
520,47.0993091542332
521,149.5772805038141
522,82.0962504396739
523,195.9727099710144
524,92.06580081826542
525,165.3825492131
526,96.80397516291123
527,66.21024827414658
528,142.386475320498
529,94.52010536409216
530,74.72232187597547
531,97.32800072565442
532,144.87870812916663
533,97.27055144053884
534,111.06744878925383
535,55.215495640644804
536,84.88873951905407
537,106.02073763450608
538,120.8169701404986
539,100.7384508929681
540,112.51868988614297
541,111.50819227099419
542,133.62300486222375
543,118.0114117198973
544,99.74141316208988
545,87.05829415598419
546,105.4161161360098
547,59.20456825528527
548,108.1365494482452
549,152.13011492812075
550,81.92048092285404
551,115.41580962616717
552,91.36186317936517
553,62.60157163022086
554,101.0260094635305
555,88.68718261033064
556,133.17947785794968
557,106.43551917019067
558,69.40639988827752
559,123.22472864942392
560,75.7729921201244
561,103.8718453499605
562,110.10539651231375
563,100.53588998812484
564,102.1628690942307
565,57.04688072006684
566,118.534147690807
567,130.30923823447665
568,82.83751757576829
569,97.11915952665731
570,90.35743387445109
571,93.81858591578202
572,114.93132609140594
573,146.74136320553953
574,139.55635055934545
575,122.49772025254788
576,112.86547257559141
577,114.14290188718587
578,76.73461525677703
579,123.80626873060828
580,128.79680453974288
581,144.58532459655544
582,91.81667056679726
583,105.0950691428734
584,61.44872276217211
585,159.64425121917157
586,135.4216480088071
587,71.01414799818303
588,160.55571090750163
589,145.3771520969458
590,82.77369783335598
591,101.40393706358736
592,103.98472360277083
593,87.83181397878798
594,92.40060061542317
595,116.16057780437404
596,127.09591216547415
597,130.342645874538
598,138.2465562619618
599,111.01850247581024
600,83.32141725096153
601,92.6525625862414
602,93.2451868604985
603,53.68095150007866
604,124.80338807904627
605,56.133705788408406
606,121.97525256860536
607,113.87942631921032
608,56.05762831837637
609,96.0853222765727
610,91.44110819255002
611,120.33896330423886
612,128.05156396114035
613,91.60713403695263
614,103.34205579693662
615,151.37338411790552
616,92.29607085918542
617,113.68489783932455
618,133.07768603996374
619,148.38378780696075
620,88.73264318145812
621,141.04181100032292
622,90.81995160871884
623,89.01478339947062
624,111.23456637462368
625,63.68622316804249
626,149.45967198448488
627,94.92997205245774
628,156.77404380618827
629,99.62593714380637
630,108.31947666109772
631,109.1485192013788
632,106.20994076761417
633,73.17890431935666
634,100.72140842780937
635,57.551650510460604
636,123.18170733540319
637,71.73718535556691
638,81.48853013844928
639,60.30825380393071
640,95.32589288620511
641,82.12286746891914
642,91.7120858777198
643,67.46109464101028
644,84.25710209750105
645,84.5587645554333
646,61.804474075033795
647,100.78297518740874
648,75.72592064959463
649,152.38199748971965
650,102.96677003748482
651,88.81763447000412
652,145.10144899983425
653,62.465804874140304
654,45.49983728257939
655,149.9317598589114
656,34.230640996131115
657,102.2652876880602
658,61.21758905716706
659,87.3266240201192
660,55.11235480121104
661,117.97284407756524
662,42.57898084097542
663,98.13162767910399
664,124.2961821751087
665,131.205626474577
666,91.98610285192262
667,122.59911025274778
668,83.0805935653043
669,98.70853051525773
670,60.50926170992898
671,117.69720744044753
672,127.58808630995918
673,59.60403957590461
674,83.74604524247115
675,186.17827232554555
676,97.75989214744186
677,87.35254941851599
678,107.29245199024444
679,117.33721449651057
680,105.79156814469025
681,96.87115947291022
682,115.8032481916598
683,69.41409029380884
684,123.43390319787432
685,36.77096551610157
686,93.71465085545788
687,148.89989207335748
688,79.68352874123957
689,78.54386988142505
690,27.049358989519533
691,149.2006523949094
692,125.46603406249778
693,99.6921662252862
694,124.52051249553915
695,60.242591895279475
696,77.78650560020469
697,52.50272992980899
698,84.66308441554429
699,94.87097563315183
700,79.36873237544205
701,121.40964772045845
702,122.57961300219176
703,135.3260866755736
704,58.16015182971023
705,106.13854320108658
706,105.4179907165817
707,68.61796456691809
708,128.3727039215737
709,86.29113102704287
710,56.05568784067873
711,81.75873971235706
712,84.28088819753611
713,104.47493409313029
714,116.84774667164311
715,96.98650470195571
716,147.77661445143167
717,99.85192416072823
718,73.38137118396116
719,103.01120220223675
720,89.23594584979583
721,68.15766100690234
722,66.97671591391554
723,105.91190868272679
724,158.76085672026966
725,174.33622532954905
726,69.70902575325454
727,79.0358952038805
728,128.81305736792274
729,43.13804673112463
730,47.45396922470536
731,58.13699018332409
732,55.90393069019774
733,100.62757805705769
734,144.4575232990319
735,94.97520969313337
736,146.05237188888714
737,91.58471935801208
738,124.17619206255767
739,72.9844912191038
740,104.6350852077594
741,126.56766082713148
742,78.22229696105933
743,116.14601569058141
744,93.67996490083169
745,102.2585521582514
746,154.88890190515667
747,109.14305404172046
748,97.10077066952363
749,133.2510577077628
750,140.84468535106862
751,91.12813619163353
752,80.5590802251827
753,131.74310538341524
754,136.8457146852743
755,99.98636405076832
756,122.14972651615972
757,114.06620803824626
758,77.25910593243316
759,117.42975818109699
760,47.264304266136605
761,115.11368777166354
762,115.92358640173916
763,72.19408720760839
764,98.13444318115944
765,52.05508301756345
766,129.1840746368398
767,60.5833541417378
768,133.70192741107894
769,53.313468151842244
770,78.32936016935855
771,60.82518850942142
772,101.94788468210027
773,99.97175103711197
774,129.7141499883728
775,70.46526858926518
776,140.6974352618563
777,109.67992551397765
778,87.66394606459653
779,132.05567838193383
780,134.2658686885843
781,118.72413785470417
782,65.05870533542475
783,124.11249605531339
784,110.56476779672084
785,139.2960044068168
786,126.9399778014631
787,146.10291126940865
788,168.3560098996968
789,108.46081648132531
790,75.89379870664561
791,110.51365767826792
792,115.11565667326795
793,136.6330558444024
794,121.64422393718269
795,80.17143235186813
796,98.7319536084542
797,91.19504507549573
798,64.580347243289
799,70.20653734134976
800,70.86794993025251
801,131.2817869845312
802,112.02097872056765
803,56.92834425531328
804,80.31359251297545
805,110.93183796608355
806,78.32864806521684
807,77.76100680028321
808,69.92261572816642
809,138.76376468880335
810,128.23297202773392
811,114.84518044424476
812,61.830633570905775
813,87.6676082071499
814,108.45015739131486
815,116.17053371638758
816,75.80429450038355
817,132.3852046818356
818,82.09166117117275
819,96.86686563218245
820,132.15381254820386
821,72.06482441880507
822,176.02604279480875
823,100.65169388311915
824,146.7973607610911
825,91.4066965226084
826,125.70403071062174
827,78.0900520098512
828,91.3655298272497
829,123.74349165533204
830,122.5795195135288
831,110.44627734896494
832,194.09494692529552
833,63.78970272443257
834,47.31204212625744
835,82.30579059867887
836,61.21166481508408
837,59.35905662813457
838,89.40059488569386
839,89.21385892503895
840,94.80901996284956
841,116.28398233099142
842,129.62776314211078
843,141.95922017871635
844,146.5269359209924
845,85.884938674164
846,86.14351199328667
847,105.53376377769746
848,157.73206147056771
849,83.10061070072697
850,61.94659429800231
851,105.68908299395116
852,159.59933150542201
853,102.84103608934674
854,159.59472000040114
855,150.85673676722217
856,172.6674928892171
857,96.98471555078868
858,129.21428214327898
859,132.83935297490098
860,77.61594236432575
861,165.34637059265515
862,92.29981889127521
863,95.93706249364186
864,19.50725087185856
865,110.45031094888691
866,84.99320646817796
867,106.03591997706098
868,109.90970401559025
869,58.52208275569137
870,126.35751658293884
871,100.51581196906045
872,161.03485851181904
873,109.11928503564559
874,126.67517808586126
875,127.173498101125
876,41.43608970858622
877,67.89565784938168
878,99.82582011184422
879,118.23353867145488
880,86.55697034741752
881,113.94554144481663
882,88.47607331955805
883,166.55271424457897
884,93.5148782498436
885,112.24879918579245
886,92.81756460730685
887,108.00520761596272
888,97.66178529633908
889,136.5716613244731
890,105.72334996279096
891,93.26513756107306
892,68.17280713678338
893,113.84469873813214
894,111.52682449150598
895,96.87768123205751
896,63.75664821761893
897,116.73494932451285
898,64.60207815107424
899,84.95820094522787
900,87.86028416687623
901,110.98271518800175
902,109.37458326999331
903,143.885471045156
904,107.20086863497272
905,109.20551983988844
906,160.8555817233282
907,64.77938887028722
908,142.38292168063344
909,119.9363226876012
910,114.86383748054504
911,114.83816519327229
912,126.91273867880227
913,70.64020784711465
914,84.44861669099191
915,108.17640043568099
916,115.96078480180586
917,79.23076994583244
918,22.97639357985463
919,130.82364560902352
920,184.70911139040254
921,127.98388318927027
922,100.02382521645632
923,149.87603910610778
924,121.22422767698299
925,34.56237267225515
926,98.4324494638131
927,66.14642012334662
928,78.47500571067212
929,67.43633184878854
930,102.22328211693093
931,108.69168282259488
932,62.93085519853048
933,89.84423170168884
934,69.25315784249688
935,49.07618294050917
936,139.47529411746655
937,101.57418891956331
938,103.13501467288006
939,84.82049500220455
940,114.22666764451424
941,152.78242634626804
942,118.70022471400443
943,159.82577888056403
944,61.671959252562374
945,145.8595143192215
946,82.42747565824538
947,123.22482652403414
948,122.81853602535557
949,159.4385441094637
950,125.11332593660336
951,25.188526960031595
952,78.74915973376483
953,81.88642181217438
954,90.63538658327889
955,44.36538398213452
956,88.69411485746969
957,4.558034684858285
958,106.66924836090766
959,19.110451876593288
960,76.45984867878724
961,113.5803019098239
962,81.80244839383522
963,4.658038492954802
964,148.63900121371262
965,67.85593499802053
966,91.84340267826337
967,166.22766914067324
968,63.41759678395465
969,56.25294607976684
970,60.35190447338391
971,84.41219085396733
972,68.23811931873206
973,47.41193529847078
974,133.2256236160174
975,104.89262649259763
976,132.25904036388965
977,57.715020961128175
978,105.2994953279267
979,123.37536931497743
980,102.15975636383519
981,83.24717699090252
982,91.46590033354005
983,75.88217463053297
984,156.52249873173423
985,128.40547915099887
986,120.52927988447482
987,145.61000215925742
988,69.28571090672631
989,124.84421830583597
990,69.20629780838499
991,63.37585503410082
992,115.11606023157947
993,90.37275320029585
994,88.98547157167923
995,74.69070694741094
996,122.02811950549949
997,123.74200381373521
998,194.5146348272101
999,141.84921323118033
1000,125.5587378074415
