counting_query_gaussian
1000 1 0.0007856836916494282
1000 10 0.0025555804897233704
1000 50 0.004860941477751438
1000 100 0.0075117888702239
1000 500 0.017840380508883102
1000 1000 0.022642656125230712



couting_query_laplace
1000 1 0.0009004654935982977
1000 10 0.0027447219283194607
1000 50 0.0061534668643058845
1000 100 0.00909034058662619
1000 500 0.019598429810777317
1000 1000 0.02784823194891855



mean_query_gaussian
1000 1 0.00022457393237902798
1000 10 0.0006979052482236004
1000 50 0.0016753911789449782
1000 100 0.0019504046623087085
1000 500 0.004916802929044639
1000 1000 0.0072504496408111185



mean_query_laplace
1000 1 0.00023017341761253764
1000 10 0.0007155580586734536
1000 50 0.0016895357411921218
1000 100 0.0025138880202403156
1000 500 0.005784561736465937
1000 1000 0.007652801372703703